number of fragments is: (4677440,)
stats on genes per stringent cluster: [1.45132335e+08 1.39285450e+07 4.22067000e+06 1.80186000e+06
 9.48226000e+05 5.72997000e+05 3.72991000e+05 4.54866000e+05
 4.08304000e+05 2.51717000e+05 1.90372000e+05 6.90160000e+04
 1.08040000e+04 3.72100000e+03 1.17900000e+03][   1    2    3    4    5    6    7    8   10   14   20   40  100  200
  500 1000]
stats on genes per permissive cluster: [3.5385648e+07 7.0973690e+06 3.4027730e+06 1.8990370e+06 1.1927350e+06
 8.0485200e+05 5.7368300e+05 7.6063500e+05 8.0194200e+05 5.4592400e+05
 5.5917100e+05 2.7952800e+05 7.4164000e+04 3.3808000e+04 7.3820000e+03][   1    2    3    4    5    6    7    8   10   14   20   40  100  200
  500 1000]
number of fragments is: (4677440,)
number of fragments is: (4677440,)